./mutationload 8000 5000 2 50 23 0.001 0.001 1 1 0 24 20000 1 0.5
./mutationload 8000 5000 2 50 23 0.001 0.005 1 1 0 24 20000 1 0.5
./mutationload 8000 5000 2 50 23 0.001 0.010 1 1 0 24 20000 1 0.5
./mutationload 8000 5000 2 50 23 0.001 0.015 1 1 0 24 20000 1 0.5
./mutationload 8000 5000 2 50 23 0.001 0.020 1 1 0 24 20000 1 0.5

./mutationload 8000 5000 2 50 23 0.001 0.001 1 1 0 24 20000 1 0.2
./mutationload 8000 5000 2 50 23 0.001 0.005 1 1 0 24 20000 1 0.2
./mutationload 8000 5000 2 50 23 0.001 0.010 1 1 0 24 20000 1 0.2
./mutationload 8000 5000 2 50 23 0.001 0.015 1 1 0 24 20000 1 0.2
./mutationload 8000 5000 2 50 23 0.001 0.020 1 1 0 24 20000 1 0.2
